#############################
Time is : 15/06/2023, 11:42:37
check anomaly for [18.0, 1, 3.0, 2, 185, 396, 8000.0, 3.0, 5] in model german-Statistic
cluster: 0 ,centroid: [36.05357142857143, 1.0, 2.3392857142857144, 1.0, 183.0, 395.0, 11695.589285714286, 39.660714285714285, 1.0]
distance:3695.219617289343 ,results:[18, 0, 1, 1, 0.1, 0.1, 3695, 36, 1]
averageDistance: 1870.8791296581487, maxDistance: 6731.252862133345, stdDev: 1281.9311884063218, standarizeDistance: 1.4231188882292412
attributesAverageDistances: [8.839285714285714, 0.19642857142857142, 0.625, 0.44642857142857145, 85.0772720437028, 45.8695094261327, 1855.8392857142858, 10.446428571428571, 15.915505070301785], attributesStdDevs: [6.80581779392865, 0.4008918628686367, 0.5244044240850758, 0.5016207497934837, 135.69648834281486, 62.055988405975036, 1290.5764572016324, 8.085721742917952, 49.902174301276474]
closest neighbors of the query: [18.0, 1, 3.0, 2, 185, 396, 8000.0, 3.0, 5] are: [([45, 1, 3, 1, 183, 394, 8978, 14, 1], 978.4354960854599), ([31, 1, 3, 1, 111, 266, 8947, 36, 1], 948.2697882485343), ([35, 1, 2, 0, 29, 5, 8858, 48, 1], 860.0160413067422)]
#############################
Time is : 15/06/2023, 11:44:40
check anomaly for [20.0, 1, 3.0, 0, 186, 396, 8000.0, 3.0, 7] in model german-Statistic
cluster: 0 ,centroid: [36.05357142857143, 1.0, 2.3392857142857144, 1.0, 183.0, 395.0, 11695.589285714286, 39.660714285714285, 1.0]
distance:3699.297786604688 ,results:[16, 0, 1, 1, 0.1, 0.1, 3695, 36, 173.85365678737998]
averageDistance: 1870.8791296581487, maxDistance: 6731.252862133345, stdDev: 1281.9311884063218, standarizeDistance: 1.4263001582944579
attributesAverageDistances: [8.839285714285714, 0.19642857142857142, 0.625, 0.44642857142857145, 85.0772720437028, 45.8695094261327, 1855.8392857142858, 10.446428571428571, 15.915505070301785], attributesStdDevs: [6.80581779392865, 0.4008918628686367, 0.5244044240850758, 0.5016207497934837, 135.69648834281486, 62.055988405975036, 1290.5764572016324, 8.085721742917952, 49.902174301276474]
closest neighbors of the query: [20.0, 1, 3.0, 0, 186, 396, 8000.0, 3.0, 7] are: [([45, 1, 3, 1, 183, 394, 8978, 14, 1], 993.7082640183406), ([31, 1, 3, 1, 111, 266, 8947, 36, 1], 963.8907373007117), ([35, 1, 2, 0, 29, 5, 8858, 48, 1], 877.2002926664524)]
closest neighbors of neighbor: [45, 1, 3, 1, 183, 394, 8978, 14, 1] are: [([55, 1, 3, 0, 183, 395, 9283, 42, 1], 306.4474016858358), ([24, 1, 2, 1, 183, 394, 9271, 36, 1], 294.5759664331087), ([29, 1, 3, 2, 184, 395, 9034, 36, 4], 62.27375048927116)]
closest neighbors of neighbor: [31, 1, 3, 1, 111, 266, 8947, 36, 1] are: [([29, 1, 3, 2, 184, 395, 9034, 36, 4], 161.28221287620494), ([35, 1, 1, 0, 134, 96, 9055, 36, 3], 108.11105401391663), ([35, 1, 2, 0, 29, 5, 8858, 48, 1], 89.9166280506559)]
closest neighbors of neighbor: [35, 1, 2, 0, 29, 5, 8858, 48, 1] are: [([29, 1, 3, 2, 184, 395, 9034, 36, 4], 222.70148672661682), ([35, 1, 1, 0, 134, 96, 9055, 36, 3], 197.37527707390305), ([31, 1, 3, 1, 111, 266, 8947, 36, 1], 89.9166280506559)]
do: 944.9330979951683, dm: 170.2889339333521
cluster: 1 ,centroid: [36.18055555555556, 1.0, 2.0972222222222223, 1.0, 183.0, 395.0, 5742.24537037037, 30.14351851851852, 1.0]
distance:2264.9009059953028 ,results:[16, 0, 1, 1, 0.1, 0.1, 2258, 27, 173.85365678737998]
averageDistance: 1247.777521414317, maxDistance: 2908.854642032298, stdDev: 670.800527569286, standarizeDistance: 1.5162829228334624
attributesAverageDistances: [8.726851851851851, 0.25462962962962965, 0.4027777777777778, 0.32407407407407407, 67.55134099766217, 46.39171693827496, 1231.0416666666667, 10.282407407407407, 3.788956607173703], attributesStdDevs: [7.098930236886582, 0.43666479278450726, 0.5192048183625165, 0.46911502439744707, 124.95997277518343, 61.78247581668435, 681.6326113534067, 7.2611656275323035, 23.41957424239449]
closest neighbors of the query: [20.0, 1, 3.0, 0, 186, 396, 8000.0, 3.0, 7] are: [([25, 1, 2, 1, 131, 394, 8072, 30, 0], 94.49756457046499), ([25, 0, 3, 1, 183, 394, 8065, 36, 3], 80.1527535330267), ([27, 1, 2, 2, 143, 163, 7980, 36, 0], 71.4358128826796)]
closest neighbors of neighbor: [25, 1, 2, 1, 131, 394, 8072, 30, 0] are: [([47, 1, 2, 0, 79, 394, 8335, 36, 1], 263.99242413372394), ([27, 1, 2, 2, 143, 163, 7980, 36, 0], 160.13931898361716), ([42, 1, 3, 1, 184, 395, 8086, 36, 1], 49.78587869461749)]
closest neighbors of neighbor: [25, 0, 3, 1, 183, 394, 8065, 36, 3] are: [([30, 0, 2, 1, 183, 134, 8133, 36, 1], 147.6130125853974), ([30, 1, 2, 1, 183, 395, 7966, 26, 1], 99.64441780651839), ([42, 1, 3, 1, 184, 395, 8086, 36, 1], 27.055868125048214)]
closest neighbors of neighbor: [27, 1, 2, 2, 143, 163, 7980, 36, 0] are: [([42, 1, 3, 1, 184, 395, 8086, 36, 1], 172.91891796517083), ([25, 1, 2, 1, 131, 394, 8072, 30, 0], 160.13931898361716), ([40, 1, 2, 2, 39, 62, 7824, 28, 1], 156.7545852598896)]
do: 82.02871032872376, dm: 137.56041583751116
cluster: 2 ,centroid: [35.31868131868132, 1.0, 1.8131868131868132, 1.0, 183.0, 394.0, 1890.0824175824175, 16.718406593406595, 5.0]
distance:6111.751905236775 ,results:[15, 0, 2, 1, 0.1, 0.1, 6110, 13, 144.95630778047]
averageDistance: 766.7800198182636, maxDistance: 1926.4917885847676, stdDev: 460.5919073498077, standarizeDistance: 11.604571856620016
attributesAverageDistances: [9.043956043956044, 0.33516483516483514, 0.8626373626373627, 0.26373626373626374, 48.27821202479273, 53.26069580286809, 744.6785714285714, 6.6304945054945055, 3.6392096383338615], attributesStdDevs: [6.984025140400884, 0.4723726005547488, 0.5504327874115822, 0.44096093231437383, 109.77990105295837, 64.32283495380557, 472.8594842707575, 5.097886799832228, 20.51665700357174]
closest neighbors of the query: [20.0, 1, 3.0, 0, 186, 396, 8000.0, 3.0, 7] are: [([35, 1, 3, 1, 183, 365, 3780, 18, 4], 4221.185252228627), ([42, 0, 2, 1, 183, 395, 3804, 36, 5], 4198.690790135104), ([23, 0, 2, 1, 184, 391, 3812, 15, 1], 4191.693977335512)]
closest neighbors of neighbor: [35, 1, 3, 1, 183, 365, 3780, 18, 4] are: [([62, 0, 2, 0, 183, 51, 3757, 24, 1], 36.0416425818802), ([23, 0, 2, 1, 184, 391, 3812, 15, 1], 34.36582604856167), ([50, 1, 2, 1, 186, 2, 3777, 24, 4], 16.492725669215503)]
closest neighbors of neighbor: [42, 0, 2, 1, 183, 395, 3804, 36, 5] are: [([37, 1, 2, 2, 183, 394, 3676, 6, 1], 131.5751116283015), ([26, 0, 2, 1, 183, 396, 3749, 24, 4], 58.53212792988138), ([23, 0, 0, 2, 185, 395, 3758, 24, 5], 51.244609472606975)]
closest neighbors of neighbor: [23, 0, 2, 1, 184, 391, 3812, 15, 1] are: [([62, 0, 2, 0, 183, 51, 3757, 24, 1], 68.03682826234628), ([50, 1, 2, 1, 186, 2, 3777, 24, 4], 45.14432411721323), ([35, 1, 3, 1, 183, 365, 3780, 18, 4], 34.36582604856167)]
do: 4203.856673233081, dm: 52.86655797317427
cluster num: 0 ,distance: 3699.297786604688 ,normalizeDistance: 1.4263001582944579
cluster num: 1 ,distance: 2264.9009059953028 ,normalizeDistance: 1.5162829228334624
cluster num: 2 ,distance: 6111.751905236775 ,normalizeDistance: 11.604571856620016
closestCluster: 1 ,closestStandarizeCluster: 0 ,normalizeDistance: 11.604571856620016
standarize distance: 1.5162829228334624 ,do: 82.02871032872376 ,dm: 137.56041583751116
SAMPLE IS ANOMALY: # 
